0 9999
0 1 1
0 2 1
0 3 1
0 4 1
1 5 1
1 6 1
1 7 1
1 8 1
1 9 1
1 10 1
1 11 1
1 12 1
1 13 1
1 14 1
1 15 1
1 16 1
1 17 1
1 18 1
1 19 1
1 20 1
1 21 1
1 22 1
1 23 1
1 24 1
1 25 1
1 26 1
1 27 1
1 28 1
1 29 1
1 30 1
1 31 1
1 32 1
1 33 1
1 34 1
1 35 1
1 36 1
1 37 1
1 38 1
1 39 1
1 40 1
1 41 1
1 42 1
1 43 1
1 44 1
1 45 1
1 46 1
1 47 1
1 48 1
1 49 1
1 50 1
1 51 1
1 52 1
1 53 1
1 54 1
1 55 1
1 56 1
1 57 1
1 58 1
1 59 1
1 60 1
1 61 1
1 62 1
1 63 1
1 64 1
1 65 1
1 66 1
1 67 1
1 68 1
1 69 1
1 70 1
1 71 1
1 72 1
1 73 1
1 74 1
1 75 1
1 76 1
1 77 1
1 78 1
1 79 1
1 80 1
1 81 1
1 82 1
1 83 1
1 84 1
1 85 1
1 86 1
1 87 1
1 88 1
1 89 1
1 90 1
1 91 1
1 92 1
1 93 1
1 94 1
1 95 1
1 96 1
1 97 1
1 98 1
1 99 1
1 100 1
1 101 1
1 102 1
1 103 1
1 104 1
1 105 1
1 106 1
1 107 1
1 108 1
1 109 1
1 110 1
1 111 1
1 112 1
1 113 1
1 114 1
1 115 1
1 116 1
1 117 1
1 118 1
1 119 1
1 120 1
1 121 1
1 122 1
1 123 1
1 124 1
1 125 1
1 126 1
1 127 1
1 128 1
1 129 1
1 130 1
1 131 1
1 132 1
1 133 1
1 134 1
1 135 1
1 136 1
1 137 1
1 138 1
1 139 1
1 140 1
1 141 1
1 142 1
1 143 1
1 144 1
1 145 1
1 146 1
1 147 1
1 148 1
1 149 1
1 150 1
1 151 1
1 152 1
1 153 1
1 154 1
1 155 1
1 156 1
1 157 1
1 158 1
1 159 1
1 160 1
1 161 1
1 162 1
1 163 1
1 164 1
1 165 1
1 166 1
1 167 1
1 168 1
1 169 1
1 170 1
1 171 1
1 172 1
1 173 1
1 174 1
1 175 1
1 176 1
1 177 1
1 178 1
1 179 1
1 180 1
1 181 1
1 182 1
1 183 1
1 184 1
1 185 1
1 186 1
1 187 1
1 188 1
1 189 1
1 190 1
1 191 1
1 192 1
1 193 1
1 194 1
1 195 1
1 196 1
1 197 1
1 198 1
1 199 1
1 200 1
1 201 1
1 202 1
1 203 1
1 204 1
1 205 1
1 206 1
1 207 1
1 208 1
1 209 1
1 210 1
1 211 1
1 212 1
1 213 1
1 214 1
1 215 1
1 216 1
1 217 1
1 218 1
1 219 1
1 220 1
1 221 1
1 222 1
1 223 1
1 224 1
1 225 1
1 226 1
1 227 1
1 228 1
1 229 1
1 230 1
1 231 1
1 232 1
1 233 1
1 234 1
1 235 1
1 236 1
1 237 1
1 238 1
1 239 1
1 240 1
1 241 1
1 242 1
1 243 1
1 244 1
1 245 1
1 246 1
1 247 1
1 248 1
1 249 1
1 250 1
1 251 1
1 252 1
1 253 1
1 254 1
1 255 1
1 256 1
2 5 2
2 6 2
2 7 2
2 8 2
2 9 2
2 10 2
2 11 2
2 12 2
2 13 2
2 14 2
2 15 2
2 16 2
2 17 2
2 18 2
2 19 2
2 20 2
2 21 2
2 22 2
2 23 2
2 24 2
2 25 2
2 26 2
2 27 2
2 28 2
2 29 2
2 30 2
2 31 2
2 32 2
2 33 2
2 34 2
2 35 2
2 36 2
2 37 2
2 38 2
2 39 2
2 40 2
2 41 2
2 42 2
2 43 2
2 44 2
2 45 2
2 46 2
2 47 2
2 48 2
2 49 2
2 50 2
2 51 2
2 52 2
2 53 2
2 54 2
2 55 2
2 56 2
2 57 2
2 58 2
2 59 2
2 60 2
2 61 2
2 62 2
2 63 2
2 64 2
2 65 2
2 66 2
2 67 2
2 68 2
2 69 2
2 70 2
2 71 2
2 72 2
2 73 2
2 74 2
2 75 2
2 76 2
2 77 2
2 78 2
2 79 2
2 80 2
2 81 2
2 82 2
2 83 2
2 84 2
2 85 2
2 86 2
2 87 2
2 88 2
2 89 2
2 90 2
2 91 2
2 92 2
2 93 2
2 94 2
2 95 2
2 96 2
2 97 2
2 98 2
2 99 2
2 100 2
2 101 2
2 102 2
2 103 2
2 104 2
2 105 2
2 106 2
2 107 2
2 108 2
2 109 2
2 110 2
2 111 2
2 112 2
2 113 2
2 114 2
2 115 2
2 116 2
2 117 2
2 118 2
2 119 2
2 120 2
2 121 2
2 122 2
2 123 2
2 124 2
2 125 2
2 126 2
2 127 2
2 128 2
2 129 2
2 130 2
2 131 2
2 132 2
2 133 2
2 134 2
2 135 2
2 136 2
2 137 2
2 138 2
2 139 2
2 140 2
2 141 2
2 142 2
2 143 2
2 144 2
2 145 2
2 146 2
2 147 2
2 148 2
2 149 2
2 150 2
2 151 2
2 152 2
2 153 2
2 154 2
2 155 2
2 156 2
2 157 2
2 158 2
2 159 2
2 160 2
2 161 2
2 162 2
2 163 2
2 164 2
2 165 2
2 166 2
2 167 2
2 168 2
2 169 2
2 170 2
2 171 2
2 172 2
2 173 2
2 174 2
2 175 2
2 176 2
2 177 2
2 178 2
2 179 2
2 180 2
2 181 2
2 182 2
2 183 2
2 184 2
2 185 2
2 186 2
2 187 2
2 188 2
2 189 2
2 190 2
2 191 2
2 192 2
2 193 2
2 194 2
2 195 2
2 196 2
2 197 2
2 198 2
2 199 2
2 200 2
2 201 2
2 202 2
2 203 2
2 204 2
2 205 2
2 206 2
2 207 2
2 208 2
2 209 2
2 210 2
2 211 2
2 212 2
2 213 2
2 214 2
2 215 2
2 216 2
2 217 2
2 218 2
2 219 2
2 220 2
2 221 2
2 222 2
2 223 2
2 224 2
2 225 2
2 226 2
2 227 2
2 228 2
2 229 2
2 230 2
2 231 2
2 232 2
2 233 2
2 234 2
2 235 2
2 236 2
2 237 2
2 238 2
2 239 2
2 240 2
2 241 2
2 242 2
2 243 2
2 244 2
2 245 2
2 246 2
2 247 2
2 248 2
2 249 2
2 250 2
2 251 2
2 252 2
2 253 2
2 254 2
2 255 2
2 256 2
3 5 3
3 6 3
3 7 3
3 8 3
3 9 3
3 10 3
3 11 3
3 12 3
3 13 3
3 14 3
3 15 3
3 16 3
3 17 3
3 18 3
3 19 3
3 20 3
3 21 3
3 22 3
3 23 3
3 24 3
3 25 3
3 26 3
3 27 3
3 28 3
3 29 3
3 30 3
3 31 3
3 32 3
3 33 3
3 34 3
3 35 3
3 36 3
3 37 3
3 38 3
3 39 3
3 40 3
3 41 3
3 42 3
3 43 3
3 44 3
3 45 3
3 46 3
3 47 3
3 48 3
3 49 3
3 50 3
3 51 3
3 52 3
3 53 3
3 54 3
3 55 3
3 56 3
3 57 3
3 58 3
3 59 3
3 60 3
3 61 3
3 62 3
3 63 3
3 64 3
3 65 3
3 66 3
3 67 3
3 68 3
3 69 3
3 70 3
3 71 3
3 72 3
3 73 3
3 74 3
3 75 3
3 76 3
3 77 3
3 78 3
3 79 3
3 80 3
3 81 3
3 82 3
3 83 3
3 84 3
3 85 3
3 86 3
3 87 3
3 88 3
3 89 3
3 90 3
3 91 3
3 92 3
3 93 3
3 94 3
3 95 3
3 96 3
3 97 3
3 98 3
3 99 3
3 100 3
3 101 3
3 102 3
3 103 3
3 104 3
3 105 3
3 106 3
3 107 3
3 108 3
3 109 3
3 110 3
3 111 3
3 112 3
3 113 3
3 114 3
3 115 3
3 116 3
3 117 3
3 118 3
3 119 3
3 120 3
3 121 3
3 122 3
3 123 3
3 124 3
3 125 3
3 126 3
3 127 3
3 128 3
3 129 3
3 130 3
3 131 3
3 132 3
3 133 3
3 134 3
3 135 3
3 136 3
3 137 3
3 138 3
3 139 3
3 140 3
3 141 3
3 142 3
3 143 3
3 144 3
3 145 3
3 146 3
3 147 3
3 148 3
3 149 3
3 150 3
3 151 3
3 152 3
3 153 3
3 154 3
3 155 3
3 156 3
3 157 3
3 158 3
3 159 3
3 160 3
3 161 3
3 162 3
3 163 3
3 164 3
3 165 3
3 166 3
3 167 3
3 168 3
3 169 3
3 170 3
3 171 3
3 172 3
3 173 3
3 174 3
3 175 3
3 176 3
3 177 3
3 178 3
3 179 3
3 180 3
3 181 3
3 182 3
3 183 3
3 184 3
3 185 3
3 186 3
3 187 3
3 188 3
3 189 3
3 190 3
3 191 3
3 192 3
3 193 3
3 194 3
3 195 3
3 196 3
3 197 3
3 198 3
3 199 3
3 200 3
3 201 3
3 202 3
3 203 3
3 204 3
3 205 3
3 206 3
3 207 3
3 208 3
3 209 3
3 210 3
3 211 3
3 212 3
3 213 3
3 214 3
3 215 3
3 216 3
3 217 3
3 218 3
3 219 3
3 220 3
3 221 3
3 222 3
3 223 3
3 224 3
3 225 3
3 226 3
3 227 3
3 228 3
3 229 3
3 230 3
3 231 3
3 232 3
3 233 3
3 234 3
3 235 3
3 236 3
3 237 3
3 238 3
3 239 3
3 240 3
3 241 3
3 242 3
3 243 3
3 244 3
3 245 3
3 246 3
3 247 3
3 248 3
3 249 3
3 250 3
3 251 3
3 252 3
3 253 3
3 254 3
3 255 3
3 256 3
4 5 4
4 6 4
4 7 4
4 8 4
4 9 4
4 10 4
4 11 4
4 12 4
4 13 4
4 14 4
4 15 4
4 16 4
4 17 4
4 18 4
4 19 4
4 20 4
4 21 4
4 22 4
4 23 4
4 24 4
4 25 4
4 26 4
4 27 4
4 28 4
4 29 4
4 30 4
4 31 4
4 32 4
4 33 4
4 34 4
4 35 4
4 36 4
4 37 4
4 38 4
4 39 4
4 40 4
4 41 4
4 42 4
4 43 4
4 44 4
4 45 4
4 46 4
4 47 4
4 48 4
4 49 4
4 50 4
4 51 4
4 52 4
4 53 4
4 54 4
4 55 4
4 56 4
4 57 4
4 58 4
4 59 4
4 60 4
4 61 4
4 62 4
4 63 4
4 64 4
4 65 4
4 66 4
4 67 4
4 68 4
4 69 4
4 70 4
4 71 4
4 72 4
4 73 4
4 74 4
4 75 4
4 76 4
4 77 4
4 78 4
4 79 4
4 80 4
4 81 4
4 82 4
4 83 4
4 84 4
4 85 4
4 86 4
4 87 4
4 88 4
4 89 4
4 90 4
4 91 4
4 92 4
4 93 4
4 94 4
4 95 4
4 96 4
4 97 4
4 98 4
4 99 4
4 100 4
4 101 4
4 102 4
4 103 4
4 104 4
4 105 4
4 106 4
4 107 4
4 108 4
4 109 4
4 110 4
4 111 4
4 112 4
4 113 4
4 114 4
4 115 4
4 116 4
4 117 4
4 118 4
4 119 4
4 120 4
4 121 4
4 122 4
4 123 4
4 124 4
4 125 4
4 126 4
4 127 4
4 128 4
4 129 4
4 130 4
4 131 4
4 132 4
4 133 4
4 134 4
4 135 4
4 136 4
4 137 4
4 138 4
4 139 4
4 140 4
4 141 4
4 142 4
4 143 4
4 144 4
4 145 4
4 146 4
4 147 4
4 148 4
4 149 4
4 150 4
4 151 4
4 152 4
4 153 4
4 154 4
4 155 4
4 156 4
4 157 4
4 158 4
4 159 4
4 160 4
4 161 4
4 162 4
4 163 4
4 164 4
4 165 4
4 166 4
4 167 4
4 168 4
4 169 4
4 170 4
4 171 4
4 172 4
4 173 4
4 174 4
4 175 4
4 176 4
4 177 4
4 178 4
4 179 4
4 180 4
4 181 4
4 182 4
4 183 4
4 184 4
4 185 4
4 186 4
4 187 4
4 188 4
4 189 4
4 190 4
4 191 4
4 192 4
4 193 4
4 194 4
4 195 4
4 196 4
4 197 4
4 198 4
4 199 4
4 200 4
4 201 4
4 202 4
4 203 4
4 204 4
4 205 4
4 206 4
4 207 4
4 208 4
4 209 4
4 210 4
4 211 4
4 212 4
4 213 4
4 214 4
4 215 4
4 216 4
4 217 4
4 218 4
4 219 4
4 220 4
4 221 4
4 222 4
4 223 4
4 224 4
4 225 4
4 226 4
4 227 4
4 228 4
4 229 4
4 230 4
4 231 4
4 232 4
4 233 4
4 234 4
4 235 4
4 236 4
4 237 4
4 238 4
4 239 4
4 240 4
4 241 4
4 242 4
4 243 4
4 244 4
4 245 4
4 246 4
4 247 4
4 248 4
4 249 4
4 250 4
4 251 4
4 252 4
4 253 4
4 254 4
4 255 4
4 256 4
256 1001 1
256 1002 1
256 1003 1
256 1004 1
257 1001 1
257 1002 1
257 1003 1
257 1004 1
258 1001 1
258 1002 1
258 1003 1
258 1004 1
259 1001 1
259 1002 1
259 1003 1
259 1004 1
260 1001 1
260 1002 1
260 1003 1
260 1004 1
261 1001 1
261 1002 1
261 1003 1
261 1004 1
262 1001 1
262 1002 1
262 1003 1
262 1004 1
263 1001 1
263 1002 1
263 1003 1
263 1004 1
264 1001 1
264 1002 1
264 1003 1
264 1004 1
265 1001 1
265 1002 1
265 1003 1
265 1004 1
266 1001 1
266 1002 1
266 1003 1
266 1004 1
267 1001 1
267 1002 1
267 1003 1
267 1004 1
268 1001 1
268 1002 1
268 1003 1
268 1004 1
269 1001 1
269 1002 1
269 1003 1
269 1004 1
270 1001 1
270 1002 1
270 1003 1
270 1004 1
271 1001 1
271 1002 1
271 1003 1
271 1004 1
272 1001 1
272 1002 1
272 1003 1
272 1004 1
273 1001 1
273 1002 1
273 1003 1
273 1004 1
274 1001 1
274 1002 1
274 1003 1
274 1004 1
275 1001 1
275 1002 1
275 1003 1
275 1004 1
276 1001 1
276 1002 1
276 1003 1
276 1004 1
277 1001 1
277 1002 1
277 1003 1
277 1004 1
278 1001 1
278 1002 1
278 1003 1
278 1004 1
279 1001 1
279 1002 1
279 1003 1
279 1004 1
280 1001 1
280 1002 1
280 1003 1
280 1004 1
281 1001 1
281 1002 1
281 1003 1
281 1004 1
282 1001 1
282 1002 1
282 1003 1
282 1004 1
283 1001 1
283 1002 1
283 1003 1
283 1004 1
284 1001 1
284 1002 1
284 1003 1
284 1004 1
285 1001 1
285 1002 1
285 1003 1
285 1004 1
286 1001 1
286 1002 1
286 1003 1
286 1004 1
287 1001 1
287 1002 1
287 1003 1
287 1004 1
288 1001 1
288 1002 1
288 1003 1
288 1004 1
289 1001 1
289 1002 1
289 1003 1
289 1004 1
290 1001 1
290 1002 1
290 1003 1
290 1004 1
291 1001 1
291 1002 1
291 1003 1
291 1004 1
292 1001 1
292 1002 1
292 1003 1
292 1004 1
293 1001 1
293 1002 1
293 1003 1
293 1004 1
294 1001 1
294 1002 1
294 1003 1
294 1004 1
295 1001 1
295 1002 1
295 1003 1
295 1004 1
296 1001 1
296 1002 1
296 1003 1
296 1004 1
297 1001 1
297 1002 1
297 1003 1
297 1004 1
298 1001 1
298 1002 1
298 1003 1
298 1004 1
299 1001 1
299 1002 1
299 1003 1
299 1004 1
300 1001 1
300 1002 1
300 1003 1
300 1004 1
301 1001 1
301 1002 1
301 1003 1
301 1004 1
302 1001 1
302 1002 1
302 1003 1
302 1004 1
303 1001 1
303 1002 1
303 1003 1
303 1004 1
304 1001 1
304 1002 1
304 1003 1
304 1004 1
305 1001 1
305 1002 1
305 1003 1
305 1004 1
306 1001 1
306 1002 1
306 1003 1
306 1004 1
307 1001 1
307 1002 1
307 1003 1
307 1004 1
308 1001 1
308 1002 1
308 1003 1
308 1004 1
309 1001 1
309 1002 1
309 1003 1
309 1004 1
310 1001 1
310 1002 1
310 1003 1
310 1004 1
311 1001 1
311 1002 1
311 1003 1
311 1004 1
312 1001 1
312 1002 1
312 1003 1
312 1004 1
313 1001 1
313 1002 1
313 1003 1
313 1004 1
314 1001 1
314 1002 1
314 1003 1
314 1004 1
315 1001 1
315 1002 1
315 1003 1
315 1004 1
316 1001 1
316 1002 1
316 1003 1
316 1004 1
317 1001 1
317 1002 1
317 1003 1
317 1004 1
318 1001 1
318 1002 1
318 1003 1
318 1004 1
319 1001 1
319 1002 1
319 1003 1
319 1004 1
320 1001 1
320 1002 1
320 1003 1
320 1004 1
321 1001 1
321 1002 1
321 1003 1
321 1004 1
322 1001 1
322 1002 1
322 1003 1
322 1004 1
323 1001 1
323 1002 1
323 1003 1
323 1004 1
324 1001 1
324 1002 1
324 1003 1
324 1004 1
325 1001 1
325 1002 1
325 1003 1
325 1004 1
326 1001 1
326 1002 1
326 1003 1
326 1004 1
327 1001 1
327 1002 1
327 1003 1
327 1004 1
328 1001 1
328 1002 1
328 1003 1
328 1004 1
329 1001 1
329 1002 1
329 1003 1
329 1004 1
330 1001 1
330 1002 1
330 1003 1
330 1004 1
331 1001 1
331 1002 1
331 1003 1
331 1004 1
332 1001 1
332 1002 1
332 1003 1
332 1004 1
333 1001 1
333 1002 1
333 1003 1
333 1004 1
334 1001 1
334 1002 1
334 1003 1
334 1004 1
335 1001 1
335 1002 1
335 1003 1
335 1004 1
336 1001 1
336 1002 1
336 1003 1
336 1004 1
337 1001 1
337 1002 1
337 1003 1
337 1004 1
338 1001 1
338 1002 1
338 1003 1
338 1004 1
339 1001 1
339 1002 1
339 1003 1
339 1004 1
340 1001 1
340 1002 1
340 1003 1
340 1004 1
341 1001 1
341 1002 1
341 1003 1
341 1004 1
342 1001 1
342 1002 1
342 1003 1
342 1004 1
343 1001 1
343 1002 1
343 1003 1
343 1004 1
344 1001 1
344 1002 1
344 1003 1
344 1004 1
345 1001 1
345 1002 1
345 1003 1
345 1004 1
346 1001 1
346 1002 1
346 1003 1
346 1004 1
347 1001 1
347 1002 1
347 1003 1
347 1004 1
348 1001 1
348 1002 1
348 1003 1
348 1004 1
349 1001 1
349 1002 1
349 1003 1
349 1004 1
350 1001 1
350 1002 1
350 1003 1
350 1004 1
351 1001 1
351 1002 1
351 1003 1
351 1004 1
352 1001 1
352 1002 1
352 1003 1
352 1004 1
353 1001 1
353 1002 1
353 1003 1
353 1004 1
354 1001 1
354 1002 1
354 1003 1
354 1004 1
355 1001 1
355 1002 1
355 1003 1
355 1004 1
356 1001 1
356 1002 1
356 1003 1
356 1004 1
357 1001 1
357 1002 1
357 1003 1
357 1004 1
358 1001 1
358 1002 1
358 1003 1
358 1004 1
359 1001 1
359 1002 1
359 1003 1
359 1004 1
360 1001 1
360 1002 1
360 1003 1
360 1004 1
361 1001 1
361 1002 1
361 1003 1
361 1004 1
362 1001 1
362 1002 1
362 1003 1
362 1004 1
363 1001 1
363 1002 1
363 1003 1
363 1004 1
364 1001 1
364 1002 1
364 1003 1
364 1004 1
365 1001 1
365 1002 1
365 1003 1
365 1004 1
366 1001 1
366 1002 1
366 1003 1
366 1004 1
367 1001 1
367 1002 1
367 1003 1
367 1004 1
368 1001 1
368 1002 1
368 1003 1
368 1004 1
369 1001 1
369 1002 1
369 1003 1
369 1004 1
370 1001 1
370 1002 1
370 1003 1
370 1004 1
371 1001 1
371 1002 1
371 1003 1
371 1004 1
372 1001 1
372 1002 1
372 1003 1
372 1004 1
373 1001 1
373 1002 1
373 1003 1
373 1004 1
374 1001 1
374 1002 1
374 1003 1
374 1004 1
375 1001 1
375 1002 1
375 1003 1
375 1004 1
376 1001 1
376 1002 1
376 1003 1
376 1004 1
377 1001 1
377 1002 1
377 1003 1
377 1004 1
378 1001 1
378 1002 1
378 1003 1
378 1004 1
379 1001 1
379 1002 1
379 1003 1
379 1004 1
380 1001 1
380 1002 1
380 1003 1
380 1004 1
381 1001 1
381 1002 1
381 1003 1
381 1004 1
382 1001 1
382 1002 1
382 1003 1
382 1004 1
383 1001 1
383 1002 1
383 1003 1
383 1004 1
384 1001 1
384 1002 1
384 1003 1
384 1004 1
385 1001 1
385 1002 1
385 1003 1
385 1004 1
386 1001 1
386 1002 1
386 1003 1
386 1004 1
387 1001 1
387 1002 1
387 1003 1
387 1004 1
388 1001 1
388 1002 1
388 1003 1
388 1004 1
389 1001 1
389 1002 1
389 1003 1
389 1004 1
390 1001 1
390 1002 1
390 1003 1
390 1004 1
391 1001 1
391 1002 1
391 1003 1
391 1004 1
392 1001 1
392 1002 1
392 1003 1
392 1004 1
393 1001 1
393 1002 1
393 1003 1
393 1004 1
394 1001 1
394 1002 1
394 1003 1
394 1004 1
395 1001 1
395 1002 1
395 1003 1
395 1004 1
396 1001 1
396 1002 1
396 1003 1
396 1004 1
397 1001 1
397 1002 1
397 1003 1
397 1004 1
398 1001 1
398 1002 1
398 1003 1
398 1004 1
399 1001 1
399 1002 1
399 1003 1
399 1004 1
400 1001 1
400 1002 1
400 1003 1
400 1004 1
401 1001 1
401 1002 1
401 1003 1
401 1004 1
402 1001 1
402 1002 1
402 1003 1
402 1004 1
403 1001 1
403 1002 1
403 1003 1
403 1004 1
404 1001 1
404 1002 1
404 1003 1
404 1004 1
405 1001 1
405 1002 1
405 1003 1
405 1004 1
406 1001 1
406 1002 1
406 1003 1
406 1004 1
407 1001 1
407 1002 1
407 1003 1
407 1004 1
408 1001 1
408 1002 1
408 1003 1
408 1004 1
409 1001 1
409 1002 1
409 1003 1
409 1004 1
410 1001 1
410 1002 1
410 1003 1
410 1004 1
411 1001 1
411 1002 1
411 1003 1
411 1004 1
412 1001 1
412 1002 1
412 1003 1
412 1004 1
413 1001 1
413 1002 1
413 1003 1
413 1004 1
414 1001 1
414 1002 1
414 1003 1
414 1004 1
415 1001 1
415 1002 1
415 1003 1
415 1004 1
416 1001 1
416 1002 1
416 1003 1
416 1004 1
417 1001 1
417 1002 1
417 1003 1
417 1004 1
418 1001 1
418 1002 1
418 1003 1
418 1004 1
419 1001 1
419 1002 1
419 1003 1
419 1004 1
420 1001 1
420 1002 1
420 1003 1
420 1004 1
421 1001 1
421 1002 1
421 1003 1
421 1004 1
422 1001 1
422 1002 1
422 1003 1
422 1004 1
423 1001 1
423 1002 1
423 1003 1
423 1004 1
424 1001 1
424 1002 1
424 1003 1
424 1004 1
425 1001 1
425 1002 1
425 1003 1
425 1004 1
426 1001 1
426 1002 1
426 1003 1
426 1004 1
427 1001 1
427 1002 1
427 1003 1
427 1004 1
428 1001 1
428 1002 1
428 1003 1
428 1004 1
429 1001 1
429 1002 1
429 1003 1
429 1004 1
430 1001 1
430 1002 1
430 1003 1
430 1004 1
431 1001 1
431 1002 1
431 1003 1
431 1004 1
432 1001 1
432 1002 1
432 1003 1
432 1004 1
433 1001 1
433 1002 1
433 1003 1
433 1004 1
434 1001 1
434 1002 1
434 1003 1
434 1004 1
435 1001 1
435 1002 1
435 1003 1
435 1004 1
436 1001 1
436 1002 1
436 1003 1
436 1004 1
437 1001 1
437 1002 1
437 1003 1
437 1004 1
438 1001 1
438 1002 1
438 1003 1
438 1004 1
439 1001 1
439 1002 1
439 1003 1
439 1004 1
440 1001 1
440 1002 1
440 1003 1
440 1004 1
441 1001 1
441 1002 1
441 1003 1
441 1004 1
442 1001 1
442 1002 1
442 1003 1
442 1004 1
443 1001 1
443 1002 1
443 1003 1
443 1004 1
444 1001 1
444 1002 1
444 1003 1
444 1004 1
445 1001 1
445 1002 1
445 1003 1
445 1004 1
446 1001 1
446 1002 1
446 1003 1
446 1004 1
447 1001 1
447 1002 1
447 1003 1
447 1004 1
448 1001 1
448 1002 1
448 1003 1
448 1004 1
449 1001 1
449 1002 1
449 1003 1
449 1004 1
450 1001 1
450 1002 1
450 1003 1
450 1004 1
451 1001 1
451 1002 1
451 1003 1
451 1004 1
452 1001 1
452 1002 1
452 1003 1
452 1004 1
453 1001 1
453 1002 1
453 1003 1
453 1004 1
454 1001 1
454 1002 1
454 1003 1
454 1004 1
455 1001 1
455 1002 1
455 1003 1
455 1004 1
456 1001 1
456 1002 1
456 1003 1
456 1004 1
457 1001 1
457 1002 1
457 1003 1
457 1004 1
458 1001 1
458 1002 1
458 1003 1
458 1004 1
459 1001 1
459 1002 1
459 1003 1
459 1004 1
460 1001 1
460 1002 1
460 1003 1
460 1004 1
461 1001 1
461 1002 1
461 1003 1
461 1004 1
462 1001 1
462 1002 1
462 1003 1
462 1004 1
463 1001 1
463 1002 1
463 1003 1
463 1004 1
464 1001 1
464 1002 1
464 1003 1
464 1004 1
465 1001 1
465 1002 1
465 1003 1
465 1004 1
466 1001 1
466 1002 1
466 1003 1
466 1004 1
467 1001 1
467 1002 1
467 1003 1
467 1004 1
468 1001 1
468 1002 1
468 1003 1
468 1004 1
469 1001 1
469 1002 1
469 1003 1
469 1004 1
470 1001 1
470 1002 1
470 1003 1
470 1004 1
471 1001 1
471 1002 1
471 1003 1
471 1004 1
472 1001 1
472 1002 1
472 1003 1
472 1004 1
473 1001 1
473 1002 1
473 1003 1
473 1004 1
474 1001 1
474 1002 1
474 1003 1
474 1004 1
475 1001 1
475 1002 1
475 1003 1
475 1004 1
476 1001 1
476 1002 1
476 1003 1
476 1004 1
477 1001 1
477 1002 1
477 1003 1
477 1004 1
478 1001 1
478 1002 1
478 1003 1
478 1004 1
479 1001 1
479 1002 1
479 1003 1
479 1004 1
480 1001 1
480 1002 1
480 1003 1
480 1004 1
481 1001 1
481 1002 1
481 1003 1
481 1004 1
482 1001 1
482 1002 1
482 1003 1
482 1004 1
483 1001 1
483 1002 1
483 1003 1
483 1004 1
484 1001 1
484 1002 1
484 1003 1
484 1004 1
485 1001 1
485 1002 1
485 1003 1
485 1004 1
486 1001 1
486 1002 1
486 1003 1
486 1004 1
487 1001 1
487 1002 1
487 1003 1
487 1004 1
488 1001 1
488 1002 1
488 1003 1
488 1004 1
489 1001 1
489 1002 1
489 1003 1
489 1004 1
490 1001 1
490 1002 1
490 1003 1
490 1004 1
491 1001 1
491 1002 1
491 1003 1
491 1004 1
492 1001 1
492 1002 1
492 1003 1
492 1004 1
493 1001 1
493 1002 1
493 1003 1
493 1004 1
494 1001 1
494 1002 1
494 1003 1
494 1004 1
495 1001 1
495 1002 1
495 1003 1
495 1004 1
496 1001 1
496 1002 1
496 1003 1
496 1004 1
497 1001 1
497 1002 1
497 1003 1
497 1004 1
498 1001 1
498 1002 1
498 1003 1
498 1004 1
499 1001 1
499 1002 1
499 1003 1
499 1004 1
500 1001 1
500 1002 1
500 1003 1
500 1004 1
501 1001 1
501 1002 1
501 1003 1
501 1004 1
502 1001 1
502 1002 1
502 1003 1
502 1004 1
503 1001 1
503 1002 1
503 1003 1
503 1004 1
504 1001 1
504 1002 1
504 1003 1
504 1004 1
505 1001 1
505 1002 1
505 1003 1
505 1004 1
506 1001 1
506 1002 1
506 1003 1
506 1004 1
507 1001 1
507 1002 1
507 1003 1
507 1004 1
508 1001 1
508 1002 1
508 1003 1
508 1004 1
509 1001 1
509 1002 1
509 1003 1
509 1004 1
510 1001 1
510 1002 1
510 1003 1
510 1004 1
511 1001 1
511 1002 1
511 1003 1
511 1004 1
512 1001 1
512 1002 1
512 1003 1
512 1004 1
1001 9999 1
1002 9999 1
1003 9999 1
1004 9999 1
